assembly_accession	bioproject	biosample	wgs_master	excluded_from_refseq	refseq_category	relation_to_type_material	taxid	species_taxid	organism_name	infraspecific_name	isolate	version_status	assembly_level	release_type	genome_rep	seq_rel_date	asm_name	submitter	gbrs_paired_asm	paired_asm_comp	ftp_path	local_filename
GCF_000742715.1	PRJNA224116	SAMN02786782			na		1718	1718	Corynebacterium glutamicum	strain=ATCC 21831		latest	Complete Genome	Major	Full	2014/08/21	ASM74271v1	KAIST	GCA_000742715.1	identical	ftp://ftp.ncbi.nlm.nih.gov/genomes/all/GCF/000/742/715/GCF_000742715.1_ASM74271v1	./data/refseq/bacteria/GCF_000742715.1/GCF_000742715.1_ASM74271v1_genomic.fna.gz
GCF_000742715.1	PRJNA224116	SAMN02786782			na		1718	1718	Corynebacterium glutamicum	strain=ATCC 21831		latest	Complete Genome	Major	Full	2014/08/21	ASM74271v1	KAIST	GCA_000742715.1	identical	ftp://ftp.ncbi.nlm.nih.gov/genomes/all/GCF/000/742/715/GCF_000742715.1_ASM74271v1	./data/refseq/bacteria/GCF_000742715.1/GCF_000742715.1_ASM74271v1_rna_from_genomic.fna.gz
GCF_000742715.1	PRJNA224116	SAMN02786782			na		1718	1718	Corynebacterium glutamicum	strain=ATCC 21831		latest	Complete Genome	Major	Full	2014/08/21	ASM74271v1	KAIST	GCA_000742715.1	identical	ftp://ftp.ncbi.nlm.nih.gov/genomes/all/GCF/000/742/715/GCF_000742715.1_ASM74271v1	./data/refseq/bacteria/GCF_000742715.1/GCF_000742715.1_ASM74271v1_assembly_report.txt
GCF_000742715.1	PRJNA224116	SAMN02786782			na		1718	1718	Corynebacterium glutamicum	strain=ATCC 21831		latest	Complete Genome	Major	Full	2014/08/21	ASM74271v1	KAIST	GCA_000742715.1	identical	ftp://ftp.ncbi.nlm.nih.gov/genomes/all/GCF/000/742/715/GCF_000742715.1_ASM74271v1	./data/refseq/bacteria/GCF_000742715.1/GCF_000742715.1_ASM74271v1_assembly_stats.txt
GCF_000742715.1	PRJNA224116	SAMN02786782			na		1718	1718	Corynebacterium glutamicum	strain=ATCC 21831		latest	Complete Genome	Major	Full	2014/08/21	ASM74271v1	KAIST	GCA_000742715.1	identical	ftp://ftp.ncbi.nlm.nih.gov/genomes/all/GCF/000/742/715/GCF_000742715.1_ASM74271v1	./data/refseq/bacteria/GCF_000742715.1/GCF_000742715.1_ASM74271v1_feature_table.txt.gz
GCF_000742735.1	PRJNA224116	SAMN02786783			na		1718	1718	Corynebacterium glutamicum	strain=AR1		latest	Complete Genome	Major	Full	2014/08/21	ASM74273v1	KAIST	GCA_000742735.1	identical	ftp://ftp.ncbi.nlm.nih.gov/genomes/all/GCF/000/742/735/GCF_000742735.1_ASM74273v1	./data/refseq/bacteria/GCF_000742735.1/GCF_000742735.1_ASM74273v1_genomic.fna.gz
GCF_000742735.1	PRJNA224116	SAMN02786783			na		1718	1718	Corynebacterium glutamicum	strain=AR1		latest	Complete Genome	Major	Full	2014/08/21	ASM74273v1	KAIST	GCA_000742735.1	identical	ftp://ftp.ncbi.nlm.nih.gov/genomes/all/GCF/000/742/735/GCF_000742735.1_ASM74273v1	./data/refseq/bacteria/GCF_000742735.1/GCF_000742735.1_ASM74273v1_rna_from_genomic.fna.gz
GCF_000742735.1	PRJNA224116	SAMN02786783			na		1718	1718	Corynebacterium glutamicum	strain=AR1		latest	Complete Genome	Major	Full	2014/08/21	ASM74273v1	KAIST	GCA_000742735.1	identical	ftp://ftp.ncbi.nlm.nih.gov/genomes/all/GCF/000/742/735/GCF_000742735.1_ASM74273v1	./data/refseq/bacteria/GCF_000742735.1/GCF_000742735.1_ASM74273v1_assembly_report.txt
GCF_000742735.1	PRJNA224116	SAMN02786783			na		1718	1718	Corynebacterium glutamicum	strain=AR1		latest	Complete Genome	Major	Full	2014/08/21	ASM74273v1	KAIST	GCA_000742735.1	identical	ftp://ftp.ncbi.nlm.nih.gov/genomes/all/GCF/000/742/735/GCF_000742735.1_ASM74273v1	./data/refseq/bacteria/GCF_000742735.1/GCF_000742735.1_ASM74273v1_assembly_stats.txt
GCF_000742735.1	PRJNA224116	SAMN02786783			na		1718	1718	Corynebacterium glutamicum	strain=AR1		latest	Complete Genome	Major	Full	2014/08/21	ASM74273v1	KAIST	GCA_000742735.1	identical	ftp://ftp.ncbi.nlm.nih.gov/genomes/all/GCF/000/742/735/GCF_000742735.1_ASM74273v1	./data/refseq/bacteria/GCF_000742735.1/GCF_000742735.1_ASM74273v1_feature_table.txt.gz
GCF_000828015.1	PRJNA224116	SAMN03273898			na		1718	1718	Corynebacterium glutamicum	strain=B253		latest	Complete Genome	Major	Full	2015/01/20	ASM82801v1	Tianjin Institute of Industrial Biotechnology, Chinese Academy of Sciences	GCA_000828015.1	identical	ftp://ftp.ncbi.nlm.nih.gov/genomes/all/GCF/000/828/015/GCF_000828015.1_ASM82801v1	./data/refseq/bacteria/GCF_000828015.1/GCF_000828015.1_ASM82801v1_genomic.fna.gz
GCF_000828015.1	PRJNA224116	SAMN03273898			na		1718	1718	Corynebacterium glutamicum	strain=B253		latest	Complete Genome	Major	Full	2015/01/20	ASM82801v1	Tianjin Institute of Industrial Biotechnology, Chinese Academy of Sciences	GCA_000828015.1	identical	ftp://ftp.ncbi.nlm.nih.gov/genomes/all/GCF/000/828/015/GCF_000828015.1_ASM82801v1	./data/refseq/bacteria/GCF_000828015.1/GCF_000828015.1_ASM82801v1_rna_from_genomic.fna.gz
GCF_000828015.1	PRJNA224116	SAMN03273898			na		1718	1718	Corynebacterium glutamicum	strain=B253		latest	Complete Genome	Major	Full	2015/01/20	ASM82801v1	Tianjin Institute of Industrial Biotechnology, Chinese Academy of Sciences	GCA_000828015.1	identical	ftp://ftp.ncbi.nlm.nih.gov/genomes/all/GCF/000/828/015/GCF_000828015.1_ASM82801v1	./data/refseq/bacteria/GCF_000828015.1/GCF_000828015.1_ASM82801v1_assembly_report.txt
GCF_000828015.1	PRJNA224116	SAMN03273898			na		1718	1718	Corynebacterium glutamicum	strain=B253		latest	Complete Genome	Major	Full	2015/01/20	ASM82801v1	Tianjin Institute of Industrial Biotechnology, Chinese Academy of Sciences	GCA_000828015.1	identical	ftp://ftp.ncbi.nlm.nih.gov/genomes/all/GCF/000/828/015/GCF_000828015.1_ASM82801v1	./data/refseq/bacteria/GCF_000828015.1/GCF_000828015.1_ASM82801v1_assembly_stats.txt
GCF_000828015.1	PRJNA224116	SAMN03273898			na		1718	1718	Corynebacterium glutamicum	strain=B253		latest	Complete Genome	Major	Full	2015/01/20	ASM82801v1	Tianjin Institute of Industrial Biotechnology, Chinese Academy of Sciences	GCA_000828015.1	identical	ftp://ftp.ncbi.nlm.nih.gov/genomes/all/GCF/000/828/015/GCF_000828015.1_ASM82801v1	./data/refseq/bacteria/GCF_000828015.1/GCF_000828015.1_ASM82801v1_feature_table.txt.gz
GCF_001447865.2	PRJNA224116	SAMN03839052			na		1718	1718	Corynebacterium glutamicum	strain=CP		latest	Complete Genome	Major	Full	2017/01/06	ASM144786v2	Tianjin university of science and technology, Metabolic Engineering Laboratory, College of Biotechnology	GCA_001447865.2	identical	ftp://ftp.ncbi.nlm.nih.gov/genomes/all/GCF/001/447/865/GCF_001447865.2_ASM144786v2	./data/refseq/bacteria/GCF_001447865.2/GCF_001447865.2_ASM144786v2_genomic.fna.gz
GCF_001447865.2	PRJNA224116	SAMN03839052			na		1718	1718	Corynebacterium glutamicum	strain=CP		latest	Complete Genome	Major	Full	2017/01/06	ASM144786v2	Tianjin university of science and technology, Metabolic Engineering Laboratory, College of Biotechnology	GCA_001447865.2	identical	ftp://ftp.ncbi.nlm.nih.gov/genomes/all/GCF/001/447/865/GCF_001447865.2_ASM144786v2	./data/refseq/bacteria/GCF_001447865.2/GCF_001447865.2_ASM144786v2_rna_from_genomic.fna.gz
GCF_001447865.2	PRJNA224116	SAMN03839052			na		1718	1718	Corynebacterium glutamicum	strain=CP		latest	Complete Genome	Major	Full	2017/01/06	ASM144786v2	Tianjin university of science and technology, Metabolic Engineering Laboratory, College of Biotechnology	GCA_001447865.2	identical	ftp://ftp.ncbi.nlm.nih.gov/genomes/all/GCF/001/447/865/GCF_001447865.2_ASM144786v2	./data/refseq/bacteria/GCF_001447865.2/GCF_001447865.2_ASM144786v2_assembly_report.txt
GCF_001447865.2	PRJNA224116	SAMN03839052			na		1718	1718	Corynebacterium glutamicum	strain=CP		latest	Complete Genome	Major	Full	2017/01/06	ASM144786v2	Tianjin university of science and technology, Metabolic Engineering Laboratory, College of Biotechnology	GCA_001447865.2	identical	ftp://ftp.ncbi.nlm.nih.gov/genomes/all/GCF/001/447/865/GCF_001447865.2_ASM144786v2	./data/refseq/bacteria/GCF_001447865.2/GCF_001447865.2_ASM144786v2_assembly_stats.txt
GCF_001447865.2	PRJNA224116	SAMN03839052			na		1718	1718	Corynebacterium glutamicum	strain=CP		latest	Complete Genome	Major	Full	2017/01/06	ASM144786v2	Tianjin university of science and technology, Metabolic Engineering Laboratory, College of Biotechnology	GCA_001447865.2	identical	ftp://ftp.ncbi.nlm.nih.gov/genomes/all/GCF/001/447/865/GCF_001447865.2_ASM144786v2	./data/refseq/bacteria/GCF_001447865.2/GCF_001447865.2_ASM144786v2_feature_table.txt.gz
GCF_001518935.2	PRJNA224116	SAMN04158500			na		1718	1718	Corynebacterium glutamicum	strain=USDA-ARS-USMARC-56828		latest	Complete Genome	Major	Full	2016/02/17	ASM151893v2	USDA-ARS-USMARC	GCA_001518935.2	identical	ftp://ftp.ncbi.nlm.nih.gov/genomes/all/GCF/001/518/935/GCF_001518935.2_ASM151893v2	./data/refseq/bacteria/GCF_001518935.2/GCF_001518935.2_ASM151893v2_genomic.fna.gz
GCF_001518935.2	PRJNA224116	SAMN04158500			na		1718	1718	Corynebacterium glutamicum	strain=USDA-ARS-USMARC-56828		latest	Complete Genome	Major	Full	2016/02/17	ASM151893v2	USDA-ARS-USMARC	GCA_001518935.2	identical	ftp://ftp.ncbi.nlm.nih.gov/genomes/all/GCF/001/518/935/GCF_001518935.2_ASM151893v2	./data/refseq/bacteria/GCF_001518935.2/GCF_001518935.2_ASM151893v2_rna_from_genomic.fna.gz
GCF_001518935.2	PRJNA224116	SAMN04158500			na		1718	1718	Corynebacterium glutamicum	strain=USDA-ARS-USMARC-56828		latest	Complete Genome	Major	Full	2016/02/17	ASM151893v2	USDA-ARS-USMARC	GCA_001518935.2	identical	ftp://ftp.ncbi.nlm.nih.gov/genomes/all/GCF/001/518/935/GCF_001518935.2_ASM151893v2	./data/refseq/bacteria/GCF_001518935.2/GCF_001518935.2_ASM151893v2_assembly_report.txt
GCF_001518935.2	PRJNA224116	SAMN04158500			na		1718	1718	Corynebacterium glutamicum	strain=USDA-ARS-USMARC-56828		latest	Complete Genome	Major	Full	2016/02/17	ASM151893v2	USDA-ARS-USMARC	GCA_001518935.2	identical	ftp://ftp.ncbi.nlm.nih.gov/genomes/all/GCF/001/518/935/GCF_001518935.2_ASM151893v2	./data/refseq/bacteria/GCF_001518935.2/GCF_001518935.2_ASM151893v2_assembly_stats.txt
GCF_001518935.2	PRJNA224116	SAMN04158500			na		1718	1718	Corynebacterium glutamicum	strain=USDA-ARS-USMARC-56828		latest	Complete Genome	Major	Full	2016/02/17	ASM151893v2	USDA-ARS-USMARC	GCA_001518935.2	identical	ftp://ftp.ncbi.nlm.nih.gov/genomes/all/GCF/001/518/935/GCF_001518935.2_ASM151893v2	./data/refseq/bacteria/GCF_001518935.2/GCF_001518935.2_ASM151893v2_feature_table.txt.gz
GCF_001643035.1	PRJNA224116	SAMN04581265			na		1718	1718	Corynebacterium glutamicum	strain=YI		latest	Complete Genome	Major	Full	2016/05/13	ASM164303v1	Tianjin university of science and technology	GCA_001643035.1	identical	ftp://ftp.ncbi.nlm.nih.gov/genomes/all/GCF/001/643/035/GCF_001643035.1_ASM164303v1	./data/refseq/bacteria/GCF_001643035.1/GCF_001643035.1_ASM164303v1_genomic.fna.gz
GCF_001643035.1	PRJNA224116	SAMN04581265			na		1718	1718	Corynebacterium glutamicum	strain=YI		latest	Complete Genome	Major	Full	2016/05/13	ASM164303v1	Tianjin university of science and technology	GCA_001643035.1	identical	ftp://ftp.ncbi.nlm.nih.gov/genomes/all/GCF/001/643/035/GCF_001643035.1_ASM164303v1	./data/refseq/bacteria/GCF_001643035.1/GCF_001643035.1_ASM164303v1_rna_from_genomic.fna.gz
GCF_001643035.1	PRJNA224116	SAMN04581265			na		1718	1718	Corynebacterium glutamicum	strain=YI		latest	Complete Genome	Major	Full	2016/05/13	ASM164303v1	Tianjin university of science and technology	GCA_001643035.1	identical	ftp://ftp.ncbi.nlm.nih.gov/genomes/all/GCF/001/643/035/GCF_001643035.1_ASM164303v1	./data/refseq/bacteria/GCF_001643035.1/GCF_001643035.1_ASM164303v1_assembly_report.txt
GCF_001643035.1	PRJNA224116	SAMN04581265			na		1718	1718	Corynebacterium glutamicum	strain=YI		latest	Complete Genome	Major	Full	2016/05/13	ASM164303v1	Tianjin university of science and technology	GCA_001643035.1	identical	ftp://ftp.ncbi.nlm.nih.gov/genomes/all/GCF/001/643/035/GCF_001643035.1_ASM164303v1	./data/refseq/bacteria/GCF_001643035.1/GCF_001643035.1_ASM164303v1_assembly_stats.txt
GCF_001643035.1	PRJNA224116	SAMN04581265			na		1718	1718	Corynebacterium glutamicum	strain=YI		latest	Complete Genome	Major	Full	2016/05/13	ASM164303v1	Tianjin university of science and technology	GCA_001643035.1	identical	ftp://ftp.ncbi.nlm.nih.gov/genomes/all/GCF/001/643/035/GCF_001643035.1_ASM164303v1	./data/refseq/bacteria/GCF_001643035.1/GCF_001643035.1_ASM164303v1_feature_table.txt.gz
GCF_001687645.1	PRJNA224116	SAMN04331495			na		1718	1718	Corynebacterium glutamicum	strain=ATCC 13869		latest	Complete Genome	Major	Full	2016/07/20	ASM168764v1	Shanghai Institutes for Biological Sciences (SIBS) of Chinese Academy of Sciences (CAS)	GCA_001687645.1	identical	ftp://ftp.ncbi.nlm.nih.gov/genomes/all/GCF/001/687/645/GCF_001687645.1_ASM168764v1	./data/refseq/bacteria/GCF_001687645.1/GCF_001687645.1_ASM168764v1_genomic.fna.gz
GCF_001687645.1	PRJNA224116	SAMN04331495			na		1718	1718	Corynebacterium glutamicum	strain=ATCC 13869		latest	Complete Genome	Major	Full	2016/07/20	ASM168764v1	Shanghai Institutes for Biological Sciences (SIBS) of Chinese Academy of Sciences (CAS)	GCA_001687645.1	identical	ftp://ftp.ncbi.nlm.nih.gov/genomes/all/GCF/001/687/645/GCF_001687645.1_ASM168764v1	./data/refseq/bacteria/GCF_001687645.1/GCF_001687645.1_ASM168764v1_rna_from_genomic.fna.gz
GCF_001687645.1	PRJNA224116	SAMN04331495			na		1718	1718	Corynebacterium glutamicum	strain=ATCC 13869		latest	Complete Genome	Major	Full	2016/07/20	ASM168764v1	Shanghai Institutes for Biological Sciences (SIBS) of Chinese Academy of Sciences (CAS)	GCA_001687645.1	identical	ftp://ftp.ncbi.nlm.nih.gov/genomes/all/GCF/001/687/645/GCF_001687645.1_ASM168764v1	./data/refseq/bacteria/GCF_001687645.1/GCF_001687645.1_ASM168764v1_assembly_report.txt
GCF_001687645.1	PRJNA224116	SAMN04331495			na		1718	1718	Corynebacterium glutamicum	strain=ATCC 13869		latest	Complete Genome	Major	Full	2016/07/20	ASM168764v1	Shanghai Institutes for Biological Sciences (SIBS) of Chinese Academy of Sciences (CAS)	GCA_001687645.1	identical	ftp://ftp.ncbi.nlm.nih.gov/genomes/all/GCF/001/687/645/GCF_001687645.1_ASM168764v1	./data/refseq/bacteria/GCF_001687645.1/GCF_001687645.1_ASM168764v1_assembly_stats.txt
GCF_001687645.1	PRJNA224116	SAMN04331495			na		1718	1718	Corynebacterium glutamicum	strain=ATCC 13869		latest	Complete Genome	Major	Full	2016/07/20	ASM168764v1	Shanghai Institutes for Biological Sciences (SIBS) of Chinese Academy of Sciences (CAS)	GCA_001687645.1	identical	ftp://ftp.ncbi.nlm.nih.gov/genomes/all/GCF/001/687/645/GCF_001687645.1_ASM168764v1	./data/refseq/bacteria/GCF_001687645.1/GCF_001687645.1_ASM168764v1_feature_table.txt.gz
GCF_001936195.1	PRJNA224116	SAMN06052514			na		1718	1718	Corynebacterium glutamicum	strain=XV		latest	Complete Genome	Major	Full	2017/01/05	ASM193619v1	Tianjin university of science and technology	GCA_001936195.1	identical	ftp://ftp.ncbi.nlm.nih.gov/genomes/all/GCF/001/936/195/GCF_001936195.1_ASM193619v1	./data/refseq/bacteria/GCF_001936195.1/GCF_001936195.1_ASM193619v1_genomic.fna.gz
GCF_001936195.1	PRJNA224116	SAMN06052514			na		1718	1718	Corynebacterium glutamicum	strain=XV		latest	Complete Genome	Major	Full	2017/01/05	ASM193619v1	Tianjin university of science and technology	GCA_001936195.1	identical	ftp://ftp.ncbi.nlm.nih.gov/genomes/all/GCF/001/936/195/GCF_001936195.1_ASM193619v1	./data/refseq/bacteria/GCF_001936195.1/GCF_001936195.1_ASM193619v1_rna_from_genomic.fna.gz
GCF_001936195.1	PRJNA224116	SAMN06052514			na		1718	1718	Corynebacterium glutamicum	strain=XV		latest	Complete Genome	Major	Full	2017/01/05	ASM193619v1	Tianjin university of science and technology	GCA_001936195.1	identical	ftp://ftp.ncbi.nlm.nih.gov/genomes/all/GCF/001/936/195/GCF_001936195.1_ASM193619v1	./data/refseq/bacteria/GCF_001936195.1/GCF_001936195.1_ASM193619v1_assembly_report.txt
GCF_001936195.1	PRJNA224116	SAMN06052514			na		1718	1718	Corynebacterium glutamicum	strain=XV		latest	Complete Genome	Major	Full	2017/01/05	ASM193619v1	Tianjin university of science and technology	GCA_001936195.1	identical	ftp://ftp.ncbi.nlm.nih.gov/genomes/all/GCF/001/936/195/GCF_001936195.1_ASM193619v1	./data/refseq/bacteria/GCF_001936195.1/GCF_001936195.1_ASM193619v1_assembly_stats.txt
GCF_001936195.1	PRJNA224116	SAMN06052514			na		1718	1718	Corynebacterium glutamicum	strain=XV		latest	Complete Genome	Major	Full	2017/01/05	ASM193619v1	Tianjin university of science and technology	GCA_001936195.1	identical	ftp://ftp.ncbi.nlm.nih.gov/genomes/all/GCF/001/936/195/GCF_001936195.1_ASM193619v1	./data/refseq/bacteria/GCF_001936195.1/GCF_001936195.1_ASM193619v1_feature_table.txt.gz
GCF_002163915.1	PRJNA224116	SAMN06689708			na		1718	1718	Corynebacterium glutamicum	strain=TQ2223		latest	Complete Genome	Major	Full	2017/06/02	ASM216391v1	Tianjin university of science and technology	GCA_002163915.1	identical	ftp://ftp.ncbi.nlm.nih.gov/genomes/all/GCF/002/163/915/GCF_002163915.1_ASM216391v1	./data/refseq/bacteria/GCF_002163915.1/GCF_002163915.1_ASM216391v1_genomic.fna.gz
GCF_002163915.1	PRJNA224116	SAMN06689708			na		1718	1718	Corynebacterium glutamicum	strain=TQ2223		latest	Complete Genome	Major	Full	2017/06/02	ASM216391v1	Tianjin university of science and technology	GCA_002163915.1	identical	ftp://ftp.ncbi.nlm.nih.gov/genomes/all/GCF/002/163/915/GCF_002163915.1_ASM216391v1	./data/refseq/bacteria/GCF_002163915.1/GCF_002163915.1_ASM216391v1_rna_from_genomic.fna.gz
GCF_002163915.1	PRJNA224116	SAMN06689708			na		1718	1718	Corynebacterium glutamicum	strain=TQ2223		latest	Complete Genome	Major	Full	2017/06/02	ASM216391v1	Tianjin university of science and technology	GCA_002163915.1	identical	ftp://ftp.ncbi.nlm.nih.gov/genomes/all/GCF/002/163/915/GCF_002163915.1_ASM216391v1	./data/refseq/bacteria/GCF_002163915.1/GCF_002163915.1_ASM216391v1_assembly_report.txt
GCF_002163915.1	PRJNA224116	SAMN06689708			na		1718	1718	Corynebacterium glutamicum	strain=TQ2223		latest	Complete Genome	Major	Full	2017/06/02	ASM216391v1	Tianjin university of science and technology	GCA_002163915.1	identical	ftp://ftp.ncbi.nlm.nih.gov/genomes/all/GCF/002/163/915/GCF_002163915.1_ASM216391v1	./data/refseq/bacteria/GCF_002163915.1/GCF_002163915.1_ASM216391v1_assembly_stats.txt
GCF_002163915.1	PRJNA224116	SAMN06689708			na		1718	1718	Corynebacterium glutamicum	strain=TQ2223		latest	Complete Genome	Major	Full	2017/06/02	ASM216391v1	Tianjin university of science and technology	GCA_002163915.1	identical	ftp://ftp.ncbi.nlm.nih.gov/genomes/all/GCF/002/163/915/GCF_002163915.1_ASM216391v1	./data/refseq/bacteria/GCF_002163915.1/GCF_002163915.1_ASM216391v1_feature_table.txt.gz
GCF_002220135.1	PRJNA224116	SAMN07337837			na		1718	1718	Corynebacterium glutamicum	strain=WM001		latest	Complete Genome	Major	Full	2017/07/17	ASM222013v1	State key lab of food science and technology, Jiangnan University	GCA_002220135.1	identical	ftp://ftp.ncbi.nlm.nih.gov/genomes/all/GCF/002/220/135/GCF_002220135.1_ASM222013v1	./data/refseq/bacteria/GCF_002220135.1/GCF_002220135.1_ASM222013v1_genomic.fna.gz
GCF_002220135.1	PRJNA224116	SAMN07337837			na		1718	1718	Corynebacterium glutamicum	strain=WM001		latest	Complete Genome	Major	Full	2017/07/17	ASM222013v1	State key lab of food science and technology, Jiangnan University	GCA_002220135.1	identical	ftp://ftp.ncbi.nlm.nih.gov/genomes/all/GCF/002/220/135/GCF_002220135.1_ASM222013v1	./data/refseq/bacteria/GCF_002220135.1/GCF_002220135.1_ASM222013v1_rna_from_genomic.fna.gz
GCF_002220135.1	PRJNA224116	SAMN07337837			na		1718	1718	Corynebacterium glutamicum	strain=WM001		latest	Complete Genome	Major	Full	2017/07/17	ASM222013v1	State key lab of food science and technology, Jiangnan University	GCA_002220135.1	identical	ftp://ftp.ncbi.nlm.nih.gov/genomes/all/GCF/002/220/135/GCF_002220135.1_ASM222013v1	./data/refseq/bacteria/GCF_002220135.1/GCF_002220135.1_ASM222013v1_assembly_report.txt
GCF_002220135.1	PRJNA224116	SAMN07337837			na		1718	1718	Corynebacterium glutamicum	strain=WM001		latest	Complete Genome	Major	Full	2017/07/17	ASM222013v1	State key lab of food science and technology, Jiangnan University	GCA_002220135.1	identical	ftp://ftp.ncbi.nlm.nih.gov/genomes/all/GCF/002/220/135/GCF_002220135.1_ASM222013v1	./data/refseq/bacteria/GCF_002220135.1/GCF_002220135.1_ASM222013v1_assembly_stats.txt
GCF_002220135.1	PRJNA224116	SAMN07337837			na		1718	1718	Corynebacterium glutamicum	strain=WM001		latest	Complete Genome	Major	Full	2017/07/17	ASM222013v1	State key lab of food science and technology, Jiangnan University	GCA_002220135.1	identical	ftp://ftp.ncbi.nlm.nih.gov/genomes/all/GCF/002/220/135/GCF_002220135.1_ASM222013v1	./data/refseq/bacteria/GCF_002220135.1/GCF_002220135.1_ASM222013v1_feature_table.txt.gz
GCF_002277975.1	PRJNA224116	SAMN05908976			na		1718	1718	Corynebacterium glutamicum	strain=C1		latest	Complete Genome	Major	Full	2017/08/30	ASM227797v1	Bielefeld University	GCA_002277975.1	identical	ftp://ftp.ncbi.nlm.nih.gov/genomes/all/GCF/002/277/975/GCF_002277975.1_ASM227797v1	./data/refseq/bacteria/GCF_002277975.1/GCF_002277975.1_ASM227797v1_genomic.fna.gz
GCF_002277975.1	PRJNA224116	SAMN05908976			na		1718	1718	Corynebacterium glutamicum	strain=C1		latest	Complete Genome	Major	Full	2017/08/30	ASM227797v1	Bielefeld University	GCA_002277975.1	identical	ftp://ftp.ncbi.nlm.nih.gov/genomes/all/GCF/002/277/975/GCF_002277975.1_ASM227797v1	./data/refseq/bacteria/GCF_002277975.1/GCF_002277975.1_ASM227797v1_rna_from_genomic.fna.gz
GCF_002277975.1	PRJNA224116	SAMN05908976			na		1718	1718	Corynebacterium glutamicum	strain=C1		latest	Complete Genome	Major	Full	2017/08/30	ASM227797v1	Bielefeld University	GCA_002277975.1	identical	ftp://ftp.ncbi.nlm.nih.gov/genomes/all/GCF/002/277/975/GCF_002277975.1_ASM227797v1	./data/refseq/bacteria/GCF_002277975.1/GCF_002277975.1_ASM227797v1_assembly_report.txt
GCF_002277975.1	PRJNA224116	SAMN05908976			na		1718	1718	Corynebacterium glutamicum	strain=C1		latest	Complete Genome	Major	Full	2017/08/30	ASM227797v1	Bielefeld University	GCA_002277975.1	identical	ftp://ftp.ncbi.nlm.nih.gov/genomes/all/GCF/002/277/975/GCF_002277975.1_ASM227797v1	./data/refseq/bacteria/GCF_002277975.1/GCF_002277975.1_ASM227797v1_assembly_stats.txt
GCF_002277975.1	PRJNA224116	SAMN05908976			na		1718	1718	Corynebacterium glutamicum	strain=C1		latest	Complete Genome	Major	Full	2017/08/30	ASM227797v1	Bielefeld University	GCA_002277975.1	identical	ftp://ftp.ncbi.nlm.nih.gov/genomes/all/GCF/002/277/975/GCF_002277975.1_ASM227797v1	./data/refseq/bacteria/GCF_002277975.1/GCF_002277975.1_ASM227797v1_feature_table.txt.gz
GCF_002355675.1	PRJNA224116	SAMD00051291			na		1718	1718	Corynebacterium glutamicum	strain=AJ1511		latest	Complete Genome	Major	Full	2017/06/17	ASM235567v1	AJINOMOTO Co., Inc.	GCA_002355675.1	identical	ftp://ftp.ncbi.nlm.nih.gov/genomes/all/GCF/002/355/675/GCF_002355675.1_ASM235567v1	./data/refseq/bacteria/GCF_002355675.1/GCF_002355675.1_ASM235567v1_genomic.fna.gz
GCF_002355675.1	PRJNA224116	SAMD00051291			na		1718	1718	Corynebacterium glutamicum	strain=AJ1511		latest	Complete Genome	Major	Full	2017/06/17	ASM235567v1	AJINOMOTO Co., Inc.	GCA_002355675.1	identical	ftp://ftp.ncbi.nlm.nih.gov/genomes/all/GCF/002/355/675/GCF_002355675.1_ASM235567v1	./data/refseq/bacteria/GCF_002355675.1/GCF_002355675.1_ASM235567v1_rna_from_genomic.fna.gz
GCF_002355675.1	PRJNA224116	SAMD00051291			na		1718	1718	Corynebacterium glutamicum	strain=AJ1511		latest	Complete Genome	Major	Full	2017/06/17	ASM235567v1	AJINOMOTO Co., Inc.	GCA_002355675.1	identical	ftp://ftp.ncbi.nlm.nih.gov/genomes/all/GCF/002/355/675/GCF_002355675.1_ASM235567v1	./data/refseq/bacteria/GCF_002355675.1/GCF_002355675.1_ASM235567v1_assembly_report.txt
GCF_002355675.1	PRJNA224116	SAMD00051291			na		1718	1718	Corynebacterium glutamicum	strain=AJ1511		latest	Complete Genome	Major	Full	2017/06/17	ASM235567v1	AJINOMOTO Co., Inc.	GCA_002355675.1	identical	ftp://ftp.ncbi.nlm.nih.gov/genomes/all/GCF/002/355/675/GCF_002355675.1_ASM235567v1	./data/refseq/bacteria/GCF_002355675.1/GCF_002355675.1_ASM235567v1_assembly_stats.txt
GCF_002355675.1	PRJNA224116	SAMD00051291			na		1718	1718	Corynebacterium glutamicum	strain=AJ1511		latest	Complete Genome	Major	Full	2017/06/17	ASM235567v1	AJINOMOTO Co., Inc.	GCA_002355675.1	identical	ftp://ftp.ncbi.nlm.nih.gov/genomes/all/GCF/002/355/675/GCF_002355675.1_ASM235567v1	./data/refseq/bacteria/GCF_002355675.1/GCF_002355675.1_ASM235567v1_feature_table.txt.gz
GCF_002847405.1	PRJNA224116	SAMN08211503			na	assembly from type material	1718	1718	Corynebacterium glutamicum	strain=Corynebacterium glutamicum ATCC 13032		latest	Complete Genome	Major	Full	2017/12/27	ASM284740v1	The catholic university of korea	GCA_002847405.1	identical	ftp://ftp.ncbi.nlm.nih.gov/genomes/all/GCF/002/847/405/GCF_002847405.1_ASM284740v1	./data/refseq/bacteria/GCF_002847405.1/GCF_002847405.1_ASM284740v1_genomic.fna.gz
GCF_002847405.1	PRJNA224116	SAMN08211503			na	assembly from type material	1718	1718	Corynebacterium glutamicum	strain=Corynebacterium glutamicum ATCC 13032		latest	Complete Genome	Major	Full	2017/12/27	ASM284740v1	The catholic university of korea	GCA_002847405.1	identical	ftp://ftp.ncbi.nlm.nih.gov/genomes/all/GCF/002/847/405/GCF_002847405.1_ASM284740v1	./data/refseq/bacteria/GCF_002847405.1/GCF_002847405.1_ASM284740v1_rna_from_genomic.fna.gz
GCF_002847405.1	PRJNA224116	SAMN08211503			na	assembly from type material	1718	1718	Corynebacterium glutamicum	strain=Corynebacterium glutamicum ATCC 13032		latest	Complete Genome	Major	Full	2017/12/27	ASM284740v1	The catholic university of korea	GCA_002847405.1	identical	ftp://ftp.ncbi.nlm.nih.gov/genomes/all/GCF/002/847/405/GCF_002847405.1_ASM284740v1	./data/refseq/bacteria/GCF_002847405.1/GCF_002847405.1_ASM284740v1_assembly_report.txt
GCF_002847405.1	PRJNA224116	SAMN08211503			na	assembly from type material	1718	1718	Corynebacterium glutamicum	strain=Corynebacterium glutamicum ATCC 13032		latest	Complete Genome	Major	Full	2017/12/27	ASM284740v1	The catholic university of korea	GCA_002847405.1	identical	ftp://ftp.ncbi.nlm.nih.gov/genomes/all/GCF/002/847/405/GCF_002847405.1_ASM284740v1	./data/refseq/bacteria/GCF_002847405.1/GCF_002847405.1_ASM284740v1_assembly_stats.txt
GCF_002847405.1	PRJNA224116	SAMN08211503			na	assembly from type material	1718	1718	Corynebacterium glutamicum	strain=Corynebacterium glutamicum ATCC 13032		latest	Complete Genome	Major	Full	2017/12/27	ASM284740v1	The catholic university of korea	GCA_002847405.1	identical	ftp://ftp.ncbi.nlm.nih.gov/genomes/all/GCF/002/847/405/GCF_002847405.1_ASM284740v1	./data/refseq/bacteria/GCF_002847405.1/GCF_002847405.1_ASM284740v1_feature_table.txt.gz
GCF_002847425.1	PRJNA224116	SAMN08211528			na		1718	1718	Corynebacterium glutamicum	strain=Corynebacterium glutamicum ATCC 13032		latest	Complete Genome	Major	Full	2017/12/27	ASM284742v1	The catholic university of korea	GCA_002847425.1	identical	ftp://ftp.ncbi.nlm.nih.gov/genomes/all/GCF/002/847/425/GCF_002847425.1_ASM284742v1	./data/refseq/bacteria/GCF_002847425.1/GCF_002847425.1_ASM284742v1_genomic.fna.gz
GCF_002847425.1	PRJNA224116	SAMN08211528			na		1718	1718	Corynebacterium glutamicum	strain=Corynebacterium glutamicum ATCC 13032		latest	Complete Genome	Major	Full	2017/12/27	ASM284742v1	The catholic university of korea	GCA_002847425.1	identical	ftp://ftp.ncbi.nlm.nih.gov/genomes/all/GCF/002/847/425/GCF_002847425.1_ASM284742v1	./data/refseq/bacteria/GCF_002847425.1/GCF_002847425.1_ASM284742v1_rna_from_genomic.fna.gz
GCF_002847425.1	PRJNA224116	SAMN08211528			na		1718	1718	Corynebacterium glutamicum	strain=Corynebacterium glutamicum ATCC 13032		latest	Complete Genome	Major	Full	2017/12/27	ASM284742v1	The catholic university of korea	GCA_002847425.1	identical	ftp://ftp.ncbi.nlm.nih.gov/genomes/all/GCF/002/847/425/GCF_002847425.1_ASM284742v1	./data/refseq/bacteria/GCF_002847425.1/GCF_002847425.1_ASM284742v1_assembly_report.txt
GCF_002847425.1	PRJNA224116	SAMN08211528			na		1718	1718	Corynebacterium glutamicum	strain=Corynebacterium glutamicum ATCC 13032		latest	Complete Genome	Major	Full	2017/12/27	ASM284742v1	The catholic university of korea	GCA_002847425.1	identical	ftp://ftp.ncbi.nlm.nih.gov/genomes/all/GCF/002/847/425/GCF_002847425.1_ASM284742v1	./data/refseq/bacteria/GCF_002847425.1/GCF_002847425.1_ASM284742v1_assembly_stats.txt
GCF_002847425.1	PRJNA224116	SAMN08211528			na		1718	1718	Corynebacterium glutamicum	strain=Corynebacterium glutamicum ATCC 13032		latest	Complete Genome	Major	Full	2017/12/27	ASM284742v1	The catholic university of korea	GCA_002847425.1	identical	ftp://ftp.ncbi.nlm.nih.gov/genomes/all/GCF/002/847/425/GCF_002847425.1_ASM284742v1	./data/refseq/bacteria/GCF_002847425.1/GCF_002847425.1_ASM284742v1_feature_table.txt.gz
GCF_007430945.1	PRJNA224116	SAMN12288429			na		1718	1718	Corynebacterium glutamicum	strain=JH41 parent		latest	Complete Genome	Major	Full	2019/07/25	ASM743094v1	The catholic university of korea	GCA_007430945.1	identical	ftp://ftp.ncbi.nlm.nih.gov/genomes/all/GCF/007/430/945/GCF_007430945.1_ASM743094v1	./data/refseq/bacteria/GCF_007430945.1/GCF_007430945.1_ASM743094v1_genomic.fna.gz
GCF_007430945.1	PRJNA224116	SAMN12288429			na		1718	1718	Corynebacterium glutamicum	strain=JH41 parent		latest	Complete Genome	Major	Full	2019/07/25	ASM743094v1	The catholic university of korea	GCA_007430945.1	identical	ftp://ftp.ncbi.nlm.nih.gov/genomes/all/GCF/007/430/945/GCF_007430945.1_ASM743094v1	./data/refseq/bacteria/GCF_007430945.1/GCF_007430945.1_ASM743094v1_rna_from_genomic.fna.gz
GCF_007430945.1	PRJNA224116	SAMN12288429			na		1718	1718	Corynebacterium glutamicum	strain=JH41 parent		latest	Complete Genome	Major	Full	2019/07/25	ASM743094v1	The catholic university of korea	GCA_007430945.1	identical	ftp://ftp.ncbi.nlm.nih.gov/genomes/all/GCF/007/430/945/GCF_007430945.1_ASM743094v1	./data/refseq/bacteria/GCF_007430945.1/GCF_007430945.1_ASM743094v1_assembly_report.txt
GCF_007430945.1	PRJNA224116	SAMN12288429			na		1718	1718	Corynebacterium glutamicum	strain=JH41 parent		latest	Complete Genome	Major	Full	2019/07/25	ASM743094v1	The catholic university of korea	GCA_007430945.1	identical	ftp://ftp.ncbi.nlm.nih.gov/genomes/all/GCF/007/430/945/GCF_007430945.1_ASM743094v1	./data/refseq/bacteria/GCF_007430945.1/GCF_007430945.1_ASM743094v1_assembly_stats.txt
GCF_007430945.1	PRJNA224116	SAMN12288429			na		1718	1718	Corynebacterium glutamicum	strain=JH41 parent		latest	Complete Genome	Major	Full	2019/07/25	ASM743094v1	The catholic university of korea	GCA_007430945.1	identical	ftp://ftp.ncbi.nlm.nih.gov/genomes/all/GCF/007/430/945/GCF_007430945.1_ASM743094v1	./data/refseq/bacteria/GCF_007430945.1/GCF_007430945.1_ASM743094v1_feature_table.txt.gz
GCF_007431185.1	PRJNA224116	SAMN12288433			na		1718	1718	Corynebacterium glutamicum	strain=JH41		latest	Complete Genome	Major	Full	2019/07/25	ASM743118v1	The catholic university of korea	GCA_007431185.1	identical	ftp://ftp.ncbi.nlm.nih.gov/genomes/all/GCF/007/431/185/GCF_007431185.1_ASM743118v1	./data/refseq/bacteria/GCF_007431185.1/GCF_007431185.1_ASM743118v1_genomic.fna.gz
GCF_007431185.1	PRJNA224116	SAMN12288433			na		1718	1718	Corynebacterium glutamicum	strain=JH41		latest	Complete Genome	Major	Full	2019/07/25	ASM743118v1	The catholic university of korea	GCA_007431185.1	identical	ftp://ftp.ncbi.nlm.nih.gov/genomes/all/GCF/007/431/185/GCF_007431185.1_ASM743118v1	./data/refseq/bacteria/GCF_007431185.1/GCF_007431185.1_ASM743118v1_rna_from_genomic.fna.gz
GCF_007431185.1	PRJNA224116	SAMN12288433			na		1718	1718	Corynebacterium glutamicum	strain=JH41		latest	Complete Genome	Major	Full	2019/07/25	ASM743118v1	The catholic university of korea	GCA_007431185.1	identical	ftp://ftp.ncbi.nlm.nih.gov/genomes/all/GCF/007/431/185/GCF_007431185.1_ASM743118v1	./data/refseq/bacteria/GCF_007431185.1/GCF_007431185.1_ASM743118v1_assembly_report.txt
GCF_007431185.1	PRJNA224116	SAMN12288433			na		1718	1718	Corynebacterium glutamicum	strain=JH41		latest	Complete Genome	Major	Full	2019/07/25	ASM743118v1	The catholic university of korea	GCA_007431185.1	identical	ftp://ftp.ncbi.nlm.nih.gov/genomes/all/GCF/007/431/185/GCF_007431185.1_ASM743118v1	./data/refseq/bacteria/GCF_007431185.1/GCF_007431185.1_ASM743118v1_assembly_stats.txt
GCF_007431185.1	PRJNA224116	SAMN12288433			na		1718	1718	Corynebacterium glutamicum	strain=JH41		latest	Complete Genome	Major	Full	2019/07/25	ASM743118v1	The catholic university of korea	GCA_007431185.1	identical	ftp://ftp.ncbi.nlm.nih.gov/genomes/all/GCF/007/431/185/GCF_007431185.1_ASM743118v1	./data/refseq/bacteria/GCF_007431185.1/GCF_007431185.1_ASM743118v1_feature_table.txt.gz
GCF_007833315.1	PRJNA224116	SAMN03943234			na		1718	1718	Corynebacterium glutamicum	strain=B414		latest	Complete Genome	Major	Full	2019/08/05	ASM783331v1	Tianjin Institute of Industrial Biotechnology, Chinese Academy of Sciences	GCA_007833315.1	identical	ftp://ftp.ncbi.nlm.nih.gov/genomes/all/GCF/007/833/315/GCF_007833315.1_ASM783331v1	./data/refseq/bacteria/GCF_007833315.1/GCF_007833315.1_ASM783331v1_genomic.fna.gz
GCF_007833315.1	PRJNA224116	SAMN03943234			na		1718	1718	Corynebacterium glutamicum	strain=B414		latest	Complete Genome	Major	Full	2019/08/05	ASM783331v1	Tianjin Institute of Industrial Biotechnology, Chinese Academy of Sciences	GCA_007833315.1	identical	ftp://ftp.ncbi.nlm.nih.gov/genomes/all/GCF/007/833/315/GCF_007833315.1_ASM783331v1	./data/refseq/bacteria/GCF_007833315.1/GCF_007833315.1_ASM783331v1_rna_from_genomic.fna.gz
GCF_007833315.1	PRJNA224116	SAMN03943234			na		1718	1718	Corynebacterium glutamicum	strain=B414		latest	Complete Genome	Major	Full	2019/08/05	ASM783331v1	Tianjin Institute of Industrial Biotechnology, Chinese Academy of Sciences	GCA_007833315.1	identical	ftp://ftp.ncbi.nlm.nih.gov/genomes/all/GCF/007/833/315/GCF_007833315.1_ASM783331v1	./data/refseq/bacteria/GCF_007833315.1/GCF_007833315.1_ASM783331v1_assembly_report.txt
GCF_007833315.1	PRJNA224116	SAMN03943234			na		1718	1718	Corynebacterium glutamicum	strain=B414		latest	Complete Genome	Major	Full	2019/08/05	ASM783331v1	Tianjin Institute of Industrial Biotechnology, Chinese Academy of Sciences	GCA_007833315.1	identical	ftp://ftp.ncbi.nlm.nih.gov/genomes/all/GCF/007/833/315/GCF_007833315.1_ASM783331v1	./data/refseq/bacteria/GCF_007833315.1/GCF_007833315.1_ASM783331v1_assembly_stats.txt
GCF_007833315.1	PRJNA224116	SAMN03943234			na		1718	1718	Corynebacterium glutamicum	strain=B414		latest	Complete Genome	Major	Full	2019/08/05	ASM783331v1	Tianjin Institute of Industrial Biotechnology, Chinese Academy of Sciences	GCA_007833315.1	identical	ftp://ftp.ncbi.nlm.nih.gov/genomes/all/GCF/007/833/315/GCF_007833315.1_ASM783331v1	./data/refseq/bacteria/GCF_007833315.1/GCF_007833315.1_ASM783331v1_feature_table.txt.gz
GCF_007833335.1	PRJNA224116	SAMN03943235			na		1718	1718	Corynebacterium glutamicum	strain=CICC10064		latest	Complete Genome	Major	Full	2019/08/05	ASM783333v1	Tianjin Institute of Industrial Biotechnology, Chinese Academy of Sciences	GCA_007833335.1	identical	ftp://ftp.ncbi.nlm.nih.gov/genomes/all/GCF/007/833/335/GCF_007833335.1_ASM783333v1	./data/refseq/bacteria/GCF_007833335.1/GCF_007833335.1_ASM783333v1_genomic.fna.gz
GCF_007833335.1	PRJNA224116	SAMN03943235			na		1718	1718	Corynebacterium glutamicum	strain=CICC10064		latest	Complete Genome	Major	Full	2019/08/05	ASM783333v1	Tianjin Institute of Industrial Biotechnology, Chinese Academy of Sciences	GCA_007833335.1	identical	ftp://ftp.ncbi.nlm.nih.gov/genomes/all/GCF/007/833/335/GCF_007833335.1_ASM783333v1	./data/refseq/bacteria/GCF_007833335.1/GCF_007833335.1_ASM783333v1_rna_from_genomic.fna.gz
GCF_007833335.1	PRJNA224116	SAMN03943235			na		1718	1718	Corynebacterium glutamicum	strain=CICC10064		latest	Complete Genome	Major	Full	2019/08/05	ASM783333v1	Tianjin Institute of Industrial Biotechnology, Chinese Academy of Sciences	GCA_007833335.1	identical	ftp://ftp.ncbi.nlm.nih.gov/genomes/all/GCF/007/833/335/GCF_007833335.1_ASM783333v1	./data/refseq/bacteria/GCF_007833335.1/GCF_007833335.1_ASM783333v1_assembly_report.txt
GCF_007833335.1	PRJNA224116	SAMN03943235			na		1718	1718	Corynebacterium glutamicum	strain=CICC10064		latest	Complete Genome	Major	Full	2019/08/05	ASM783333v1	Tianjin Institute of Industrial Biotechnology, Chinese Academy of Sciences	GCA_007833335.1	identical	ftp://ftp.ncbi.nlm.nih.gov/genomes/all/GCF/007/833/335/GCF_007833335.1_ASM783333v1	./data/refseq/bacteria/GCF_007833335.1/GCF_007833335.1_ASM783333v1_assembly_stats.txt
GCF_007833335.1	PRJNA224116	SAMN03943235			na		1718	1718	Corynebacterium glutamicum	strain=CICC10064		latest	Complete Genome	Major	Full	2019/08/05	ASM783333v1	Tianjin Institute of Industrial Biotechnology, Chinese Academy of Sciences	GCA_007833335.1	identical	ftp://ftp.ncbi.nlm.nih.gov/genomes/all/GCF/007/833/335/GCF_007833335.1_ASM783333v1	./data/refseq/bacteria/GCF_007833335.1/GCF_007833335.1_ASM783333v1_feature_table.txt.gz
GCF_013046805.1	PRJNA224116	SAMN14825417			na		1718	1718	Corynebacterium glutamicum	strain=BE		latest	Complete Genome	Major	Full	2020/05/12	ASM1304680v1	Korea Advanced Institute of Science and Technology	GCA_013046805.1	identical	ftp://ftp.ncbi.nlm.nih.gov/genomes/all/GCF/013/046/805/GCF_013046805.1_ASM1304680v1	./data/refseq/bacteria/GCF_013046805.1/GCF_013046805.1_ASM1304680v1_genomic.fna.gz
GCF_013046805.1	PRJNA224116	SAMN14825417			na		1718	1718	Corynebacterium glutamicum	strain=BE		latest	Complete Genome	Major	Full	2020/05/12	ASM1304680v1	Korea Advanced Institute of Science and Technology	GCA_013046805.1	identical	ftp://ftp.ncbi.nlm.nih.gov/genomes/all/GCF/013/046/805/GCF_013046805.1_ASM1304680v1	./data/refseq/bacteria/GCF_013046805.1/GCF_013046805.1_ASM1304680v1_rna_from_genomic.fna.gz
GCF_013046805.1	PRJNA224116	SAMN14825417			na		1718	1718	Corynebacterium glutamicum	strain=BE		latest	Complete Genome	Major	Full	2020/05/12	ASM1304680v1	Korea Advanced Institute of Science and Technology	GCA_013046805.1	identical	ftp://ftp.ncbi.nlm.nih.gov/genomes/all/GCF/013/046/805/GCF_013046805.1_ASM1304680v1	./data/refseq/bacteria/GCF_013046805.1/GCF_013046805.1_ASM1304680v1_assembly_report.txt
GCF_013046805.1	PRJNA224116	SAMN14825417			na		1718	1718	Corynebacterium glutamicum	strain=BE		latest	Complete Genome	Major	Full	2020/05/12	ASM1304680v1	Korea Advanced Institute of Science and Technology	GCA_013046805.1	identical	ftp://ftp.ncbi.nlm.nih.gov/genomes/all/GCF/013/046/805/GCF_013046805.1_ASM1304680v1	./data/refseq/bacteria/GCF_013046805.1/GCF_013046805.1_ASM1304680v1_assembly_stats.txt
GCF_013046805.1	PRJNA224116	SAMN14825417			na		1718	1718	Corynebacterium glutamicum	strain=BE		latest	Complete Genome	Major	Full	2020/05/12	ASM1304680v1	Korea Advanced Institute of Science and Technology	GCA_013046805.1	identical	ftp://ftp.ncbi.nlm.nih.gov/genomes/all/GCF/013/046/805/GCF_013046805.1_ASM1304680v1	./data/refseq/bacteria/GCF_013046805.1/GCF_013046805.1_ASM1304680v1_feature_table.txt.gz
GCF_017579845.1	PRJNA224116	SAMN15568882			na		1718	1718	Corynebacterium glutamicum	strain=BCA		latest	Complete Genome	Major	Full	2021/03/24	ASM1757984v1	I3S - Instituto de Investigacao e Inovacao em Saude	GCA_017579845.1	identical	ftp://ftp.ncbi.nlm.nih.gov/genomes/all/GCF/017/579/845/GCF_017579845.1_ASM1757984v1	./data/refseq/bacteria/GCF_017579845.1/GCF_017579845.1_ASM1757984v1_genomic.fna.gz
GCF_017579845.1	PRJNA224116	SAMN15568882			na		1718	1718	Corynebacterium glutamicum	strain=BCA		latest	Complete Genome	Major	Full	2021/03/24	ASM1757984v1	I3S - Instituto de Investigacao e Inovacao em Saude	GCA_017579845.1	identical	ftp://ftp.ncbi.nlm.nih.gov/genomes/all/GCF/017/579/845/GCF_017579845.1_ASM1757984v1	./data/refseq/bacteria/GCF_017579845.1/GCF_017579845.1_ASM1757984v1_rna_from_genomic.fna.gz
GCF_017579845.1	PRJNA224116	SAMN15568882			na		1718	1718	Corynebacterium glutamicum	strain=BCA		latest	Complete Genome	Major	Full	2021/03/24	ASM1757984v1	I3S - Instituto de Investigacao e Inovacao em Saude	GCA_017579845.1	identical	ftp://ftp.ncbi.nlm.nih.gov/genomes/all/GCF/017/579/845/GCF_017579845.1_ASM1757984v1	./data/refseq/bacteria/GCF_017579845.1/GCF_017579845.1_ASM1757984v1_assembly_report.txt
GCF_017579845.1	PRJNA224116	SAMN15568882			na		1718	1718	Corynebacterium glutamicum	strain=BCA		latest	Complete Genome	Major	Full	2021/03/24	ASM1757984v1	I3S - Instituto de Investigacao e Inovacao em Saude	GCA_017579845.1	identical	ftp://ftp.ncbi.nlm.nih.gov/genomes/all/GCF/017/579/845/GCF_017579845.1_ASM1757984v1	./data/refseq/bacteria/GCF_017579845.1/GCF_017579845.1_ASM1757984v1_assembly_stats.txt
GCF_017579845.1	PRJNA224116	SAMN15568882			na		1718	1718	Corynebacterium glutamicum	strain=BCA		latest	Complete Genome	Major	Full	2021/03/24	ASM1757984v1	I3S - Instituto de Investigacao e Inovacao em Saude	GCA_017579845.1	identical	ftp://ftp.ncbi.nlm.nih.gov/genomes/all/GCF/017/579/845/GCF_017579845.1_ASM1757984v1	./data/refseq/bacteria/GCF_017579845.1/GCF_017579845.1_ASM1757984v1_feature_table.txt.gz
GCF_018286655.1	PRJNA224116	SAMN18869765			na		1718	1718	Corynebacterium glutamicum	strain=CGMCC1.15647		latest	Chromosome	Major	Full	2021/05/06	ASM1828665v1	Jiangnan University	GCA_018286655.1	identical	ftp://ftp.ncbi.nlm.nih.gov/genomes/all/GCF/018/286/655/GCF_018286655.1_ASM1828665v1	./data/refseq/bacteria/GCF_018286655.1/GCF_018286655.1_ASM1828665v1_genomic.fna.gz
GCF_018286655.1	PRJNA224116	SAMN18869765			na		1718	1718	Corynebacterium glutamicum	strain=CGMCC1.15647		latest	Chromosome	Major	Full	2021/05/06	ASM1828665v1	Jiangnan University	GCA_018286655.1	identical	ftp://ftp.ncbi.nlm.nih.gov/genomes/all/GCF/018/286/655/GCF_018286655.1_ASM1828665v1	./data/refseq/bacteria/GCF_018286655.1/GCF_018286655.1_ASM1828665v1_rna_from_genomic.fna.gz
GCF_018286655.1	PRJNA224116	SAMN18869765			na		1718	1718	Corynebacterium glutamicum	strain=CGMCC1.15647		latest	Chromosome	Major	Full	2021/05/06	ASM1828665v1	Jiangnan University	GCA_018286655.1	identical	ftp://ftp.ncbi.nlm.nih.gov/genomes/all/GCF/018/286/655/GCF_018286655.1_ASM1828665v1	./data/refseq/bacteria/GCF_018286655.1/GCF_018286655.1_ASM1828665v1_assembly_report.txt
GCF_018286655.1	PRJNA224116	SAMN18869765			na		1718	1718	Corynebacterium glutamicum	strain=CGMCC1.15647		latest	Chromosome	Major	Full	2021/05/06	ASM1828665v1	Jiangnan University	GCA_018286655.1	identical	ftp://ftp.ncbi.nlm.nih.gov/genomes/all/GCF/018/286/655/GCF_018286655.1_ASM1828665v1	./data/refseq/bacteria/GCF_018286655.1/GCF_018286655.1_ASM1828665v1_assembly_stats.txt
GCF_018286655.1	PRJNA224116	SAMN18869765			na		1718	1718	Corynebacterium glutamicum	strain=CGMCC1.15647		latest	Chromosome	Major	Full	2021/05/06	ASM1828665v1	Jiangnan University	GCA_018286655.1	identical	ftp://ftp.ncbi.nlm.nih.gov/genomes/all/GCF/018/286/655/GCF_018286655.1_ASM1828665v1	./data/refseq/bacteria/GCF_018286655.1/GCF_018286655.1_ASM1828665v1_feature_table.txt.gz
GCF_000011325.1	PRJNA224116	SAMD00061105			na	assembly from type material	196627	1718	Corynebacterium glutamicum ATCC 13032	strain=ATCC 13032		latest	Complete Genome	Major	Full	2004/02/18	ASM1132v1	Kitasato Univ.	GCA_000011325.1	identical	ftp://ftp.ncbi.nlm.nih.gov/genomes/all/GCF/000/011/325/GCF_000011325.1_ASM1132v1	./data/refseq/bacteria/GCF_000011325.1/GCF_000011325.1_ASM1132v1_genomic.fna.gz
GCF_000011325.1	PRJNA224116	SAMD00061105			na	assembly from type material	196627	1718	Corynebacterium glutamicum ATCC 13032	strain=ATCC 13032		latest	Complete Genome	Major	Full	2004/02/18	ASM1132v1	Kitasato Univ.	GCA_000011325.1	identical	ftp://ftp.ncbi.nlm.nih.gov/genomes/all/GCF/000/011/325/GCF_000011325.1_ASM1132v1	./data/refseq/bacteria/GCF_000011325.1/GCF_000011325.1_ASM1132v1_rna_from_genomic.fna.gz
GCF_000011325.1	PRJNA224116	SAMD00061105			na	assembly from type material	196627	1718	Corynebacterium glutamicum ATCC 13032	strain=ATCC 13032		latest	Complete Genome	Major	Full	2004/02/18	ASM1132v1	Kitasato Univ.	GCA_000011325.1	identical	ftp://ftp.ncbi.nlm.nih.gov/genomes/all/GCF/000/011/325/GCF_000011325.1_ASM1132v1	./data/refseq/bacteria/GCF_000011325.1/GCF_000011325.1_ASM1132v1_assembly_report.txt
GCF_000011325.1	PRJNA224116	SAMD00061105			na	assembly from type material	196627	1718	Corynebacterium glutamicum ATCC 13032	strain=ATCC 13032		latest	Complete Genome	Major	Full	2004/02/18	ASM1132v1	Kitasato Univ.	GCA_000011325.1	identical	ftp://ftp.ncbi.nlm.nih.gov/genomes/all/GCF/000/011/325/GCF_000011325.1_ASM1132v1	./data/refseq/bacteria/GCF_000011325.1/GCF_000011325.1_ASM1132v1_assembly_stats.txt
GCF_000011325.1	PRJNA224116	SAMD00061105			na	assembly from type material	196627	1718	Corynebacterium glutamicum ATCC 13032	strain=ATCC 13032		latest	Complete Genome	Major	Full	2004/02/18	ASM1132v1	Kitasato Univ.	GCA_000011325.1	identical	ftp://ftp.ncbi.nlm.nih.gov/genomes/all/GCF/000/011/325/GCF_000011325.1_ASM1132v1	./data/refseq/bacteria/GCF_000011325.1/GCF_000011325.1_ASM1132v1_feature_table.txt.gz
GCF_000196335.1	PRJNA224116	SAMEA3138338			na		196627	1718	Corynebacterium glutamicum ATCC 13032	strain=DSM 20300 = ATCC 13032		latest	Complete Genome	Major	Full	2004/01/26	ASM19633v1	Universitaet Bielefeld	GCA_000196335.1	identical	ftp://ftp.ncbi.nlm.nih.gov/genomes/all/GCF/000/196/335/GCF_000196335.1_ASM19633v1	./data/refseq/bacteria/GCF_000196335.1/GCF_000196335.1_ASM19633v1_genomic.fna.gz
GCF_000196335.1	PRJNA224116	SAMEA3138338			na		196627	1718	Corynebacterium glutamicum ATCC 13032	strain=DSM 20300 = ATCC 13032		latest	Complete Genome	Major	Full	2004/01/26	ASM19633v1	Universitaet Bielefeld	GCA_000196335.1	identical	ftp://ftp.ncbi.nlm.nih.gov/genomes/all/GCF/000/196/335/GCF_000196335.1_ASM19633v1	./data/refseq/bacteria/GCF_000196335.1/GCF_000196335.1_ASM19633v1_rna_from_genomic.fna.gz
GCF_000196335.1	PRJNA224116	SAMEA3138338			na		196627	1718	Corynebacterium glutamicum ATCC 13032	strain=DSM 20300 = ATCC 13032		latest	Complete Genome	Major	Full	2004/01/26	ASM19633v1	Universitaet Bielefeld	GCA_000196335.1	identical	ftp://ftp.ncbi.nlm.nih.gov/genomes/all/GCF/000/196/335/GCF_000196335.1_ASM19633v1	./data/refseq/bacteria/GCF_000196335.1/GCF_000196335.1_ASM19633v1_assembly_report.txt
GCF_000196335.1	PRJNA224116	SAMEA3138338			na		196627	1718	Corynebacterium glutamicum ATCC 13032	strain=DSM 20300 = ATCC 13032		latest	Complete Genome	Major	Full	2004/01/26	ASM19633v1	Universitaet Bielefeld	GCA_000196335.1	identical	ftp://ftp.ncbi.nlm.nih.gov/genomes/all/GCF/000/196/335/GCF_000196335.1_ASM19633v1	./data/refseq/bacteria/GCF_000196335.1/GCF_000196335.1_ASM19633v1_assembly_stats.txt
GCF_000196335.1	PRJNA224116	SAMEA3138338			na		196627	1718	Corynebacterium glutamicum ATCC 13032	strain=DSM 20300 = ATCC 13032		latest	Complete Genome	Major	Full	2004/01/26	ASM19633v1	Universitaet Bielefeld	GCA_000196335.1	identical	ftp://ftp.ncbi.nlm.nih.gov/genomes/all/GCF/000/196/335/GCF_000196335.1_ASM19633v1	./data/refseq/bacteria/GCF_000196335.1/GCF_000196335.1_ASM19633v1_feature_table.txt.gz
GCF_000010225.1	PRJNA224116	SAMD00060924			na		340322	1718	Corynebacterium glutamicum R	strain=R		latest	Complete Genome	Major	Full	2007/04/04	ASM1022v1	Research Institute of Innovative Technology for the Earth (RITE), Microbiology research group	GCA_000010225.1	identical	ftp://ftp.ncbi.nlm.nih.gov/genomes/all/GCF/000/010/225/GCF_000010225.1_ASM1022v1	./data/refseq/bacteria/GCF_000010225.1/GCF_000010225.1_ASM1022v1_genomic.fna.gz
GCF_000010225.1	PRJNA224116	SAMD00060924			na		340322	1718	Corynebacterium glutamicum R	strain=R		latest	Complete Genome	Major	Full	2007/04/04	ASM1022v1	Research Institute of Innovative Technology for the Earth (RITE), Microbiology research group	GCA_000010225.1	identical	ftp://ftp.ncbi.nlm.nih.gov/genomes/all/GCF/000/010/225/GCF_000010225.1_ASM1022v1	./data/refseq/bacteria/GCF_000010225.1/GCF_000010225.1_ASM1022v1_rna_from_genomic.fna.gz
GCF_000010225.1	PRJNA224116	SAMD00060924			na		340322	1718	Corynebacterium glutamicum R	strain=R		latest	Complete Genome	Major	Full	2007/04/04	ASM1022v1	Research Institute of Innovative Technology for the Earth (RITE), Microbiology research group	GCA_000010225.1	identical	ftp://ftp.ncbi.nlm.nih.gov/genomes/all/GCF/000/010/225/GCF_000010225.1_ASM1022v1	./data/refseq/bacteria/GCF_000010225.1/GCF_000010225.1_ASM1022v1_assembly_report.txt
GCF_000010225.1	PRJNA224116	SAMD00060924			na		340322	1718	Corynebacterium glutamicum R	strain=R		latest	Complete Genome	Major	Full	2007/04/04	ASM1022v1	Research Institute of Innovative Technology for the Earth (RITE), Microbiology research group	GCA_000010225.1	identical	ftp://ftp.ncbi.nlm.nih.gov/genomes/all/GCF/000/010/225/GCF_000010225.1_ASM1022v1	./data/refseq/bacteria/GCF_000010225.1/GCF_000010225.1_ASM1022v1_assembly_stats.txt
GCF_000010225.1	PRJNA224116	SAMD00060924			na		340322	1718	Corynebacterium glutamicum R	strain=R		latest	Complete Genome	Major	Full	2007/04/04	ASM1022v1	Research Institute of Innovative Technology for the Earth (RITE), Microbiology research group	GCA_000010225.1	identical	ftp://ftp.ncbi.nlm.nih.gov/genomes/all/GCF/000/010/225/GCF_000010225.1_ASM1022v1	./data/refseq/bacteria/GCF_000010225.1/GCF_000010225.1_ASM1022v1_feature_table.txt.gz
GCF_002243555.1	PRJNA224116	SAMN07270561			na		1079988	1718	Corynebacterium glutamicum ATCC 14067	strain=ATCC 14067		latest	Complete Genome	Major	Full	2017/08/08	ASM224355v1	South China University of Technology	GCA_002243555.1	identical	ftp://ftp.ncbi.nlm.nih.gov/genomes/all/GCF/002/243/555/GCF_002243555.1_ASM224355v1	./data/refseq/bacteria/GCF_002243555.1/GCF_002243555.1_ASM224355v1_genomic.fna.gz
GCF_002243555.1	PRJNA224116	SAMN07270561			na		1079988	1718	Corynebacterium glutamicum ATCC 14067	strain=ATCC 14067		latest	Complete Genome	Major	Full	2017/08/08	ASM224355v1	South China University of Technology	GCA_002243555.1	identical	ftp://ftp.ncbi.nlm.nih.gov/genomes/all/GCF/002/243/555/GCF_002243555.1_ASM224355v1	./data/refseq/bacteria/GCF_002243555.1/GCF_002243555.1_ASM224355v1_rna_from_genomic.fna.gz
GCF_002243555.1	PRJNA224116	SAMN07270561			na		1079988	1718	Corynebacterium glutamicum ATCC 14067	strain=ATCC 14067		latest	Complete Genome	Major	Full	2017/08/08	ASM224355v1	South China University of Technology	GCA_002243555.1	identical	ftp://ftp.ncbi.nlm.nih.gov/genomes/all/GCF/002/243/555/GCF_002243555.1_ASM224355v1	./data/refseq/bacteria/GCF_002243555.1/GCF_002243555.1_ASM224355v1_assembly_report.txt
GCF_002243555.1	PRJNA224116	SAMN07270561			na		1079988	1718	Corynebacterium glutamicum ATCC 14067	strain=ATCC 14067		latest	Complete Genome	Major	Full	2017/08/08	ASM224355v1	South China University of Technology	GCA_002243555.1	identical	ftp://ftp.ncbi.nlm.nih.gov/genomes/all/GCF/002/243/555/GCF_002243555.1_ASM224355v1	./data/refseq/bacteria/GCF_002243555.1/GCF_002243555.1_ASM224355v1_assembly_stats.txt
GCF_002243555.1	PRJNA224116	SAMN07270561			na		1079988	1718	Corynebacterium glutamicum ATCC 14067	strain=ATCC 14067		latest	Complete Genome	Major	Full	2017/08/08	ASM224355v1	South China University of Technology	GCA_002243555.1	identical	ftp://ftp.ncbi.nlm.nih.gov/genomes/all/GCF/002/243/555/GCF_002243555.1_ASM224355v1	./data/refseq/bacteria/GCF_002243555.1/GCF_002243555.1_ASM224355v1_feature_table.txt.gz
GCF_000382905.1	PRJNA224116	SAMEA3138433			na	assembly from type material	1204414	1718	Corynebacterium glutamicum K051	strain=ATCC 13032 substr. K051		latest	Complete Genome	Major	Full	2012/04/23	ASM38290v1	Forschungszentrum Juelich GmbH	GCA_000382905.1	identical	ftp://ftp.ncbi.nlm.nih.gov/genomes/all/GCF/000/382/905/GCF_000382905.1_ASM38290v1	./data/refseq/bacteria/GCF_000382905.1/GCF_000382905.1_ASM38290v1_genomic.fna.gz
GCF_000382905.1	PRJNA224116	SAMEA3138433			na	assembly from type material	1204414	1718	Corynebacterium glutamicum K051	strain=ATCC 13032 substr. K051		latest	Complete Genome	Major	Full	2012/04/23	ASM38290v1	Forschungszentrum Juelich GmbH	GCA_000382905.1	identical	ftp://ftp.ncbi.nlm.nih.gov/genomes/all/GCF/000/382/905/GCF_000382905.1_ASM38290v1	./data/refseq/bacteria/GCF_000382905.1/GCF_000382905.1_ASM38290v1_rna_from_genomic.fna.gz
GCF_000382905.1	PRJNA224116	SAMEA3138433			na	assembly from type material	1204414	1718	Corynebacterium glutamicum K051	strain=ATCC 13032 substr. K051		latest	Complete Genome	Major	Full	2012/04/23	ASM38290v1	Forschungszentrum Juelich GmbH	GCA_000382905.1	identical	ftp://ftp.ncbi.nlm.nih.gov/genomes/all/GCF/000/382/905/GCF_000382905.1_ASM38290v1	./data/refseq/bacteria/GCF_000382905.1/GCF_000382905.1_ASM38290v1_assembly_report.txt
GCF_000382905.1	PRJNA224116	SAMEA3138433			na	assembly from type material	1204414	1718	Corynebacterium glutamicum K051	strain=ATCC 13032 substr. K051		latest	Complete Genome	Major	Full	2012/04/23	ASM38290v1	Forschungszentrum Juelich GmbH	GCA_000382905.1	identical	ftp://ftp.ncbi.nlm.nih.gov/genomes/all/GCF/000/382/905/GCF_000382905.1_ASM38290v1	./data/refseq/bacteria/GCF_000382905.1/GCF_000382905.1_ASM38290v1_assembly_stats.txt
GCF_000382905.1	PRJNA224116	SAMEA3138433			na	assembly from type material	1204414	1718	Corynebacterium glutamicum K051	strain=ATCC 13032 substr. K051		latest	Complete Genome	Major	Full	2012/04/23	ASM38290v1	Forschungszentrum Juelich GmbH	GCA_000382905.1	identical	ftp://ftp.ncbi.nlm.nih.gov/genomes/all/GCF/000/382/905/GCF_000382905.1_ASM38290v1	./data/refseq/bacteria/GCF_000382905.1/GCF_000382905.1_ASM38290v1_feature_table.txt.gz
GCF_000404145.1	PRJNA224116	SAMN02603963			na		1232381	1718	Corynebacterium glutamicum SCgG1	strain=SCgG1		latest	Complete Genome	Major	Full	2013/06/03	ASM40414v1	Tianjin Institute of Industrial Biotechnology, Chinese Academy of Sciences	GCA_000404145.1	identical	ftp://ftp.ncbi.nlm.nih.gov/genomes/all/GCF/000/404/145/GCF_000404145.1_ASM40414v1	./data/refseq/bacteria/GCF_000404145.1/GCF_000404145.1_ASM40414v1_genomic.fna.gz
GCF_000404145.1	PRJNA224116	SAMN02603963			na		1232381	1718	Corynebacterium glutamicum SCgG1	strain=SCgG1		latest	Complete Genome	Major	Full	2013/06/03	ASM40414v1	Tianjin Institute of Industrial Biotechnology, Chinese Academy of Sciences	GCA_000404145.1	identical	ftp://ftp.ncbi.nlm.nih.gov/genomes/all/GCF/000/404/145/GCF_000404145.1_ASM40414v1	./data/refseq/bacteria/GCF_000404145.1/GCF_000404145.1_ASM40414v1_rna_from_genomic.fna.gz
GCF_000404145.1	PRJNA224116	SAMN02603963			na		1232381	1718	Corynebacterium glutamicum SCgG1	strain=SCgG1		latest	Complete Genome	Major	Full	2013/06/03	ASM40414v1	Tianjin Institute of Industrial Biotechnology, Chinese Academy of Sciences	GCA_000404145.1	identical	ftp://ftp.ncbi.nlm.nih.gov/genomes/all/GCF/000/404/145/GCF_000404145.1_ASM40414v1	./data/refseq/bacteria/GCF_000404145.1/GCF_000404145.1_ASM40414v1_assembly_report.txt
GCF_000404145.1	PRJNA224116	SAMN02603963			na		1232381	1718	Corynebacterium glutamicum SCgG1	strain=SCgG1		latest	Complete Genome	Major	Full	2013/06/03	ASM40414v1	Tianjin Institute of Industrial Biotechnology, Chinese Academy of Sciences	GCA_000404145.1	identical	ftp://ftp.ncbi.nlm.nih.gov/genomes/all/GCF/000/404/145/GCF_000404145.1_ASM40414v1	./data/refseq/bacteria/GCF_000404145.1/GCF_000404145.1_ASM40414v1_assembly_stats.txt
GCF_000404145.1	PRJNA224116	SAMN02603963			na		1232381	1718	Corynebacterium glutamicum SCgG1	strain=SCgG1		latest	Complete Genome	Major	Full	2013/06/03	ASM40414v1	Tianjin Institute of Industrial Biotechnology, Chinese Academy of Sciences	GCA_000404145.1	identical	ftp://ftp.ncbi.nlm.nih.gov/genomes/all/GCF/000/404/145/GCF_000404145.1_ASM40414v1	./data/refseq/bacteria/GCF_000404145.1/GCF_000404145.1_ASM40414v1_feature_table.txt.gz
GCF_000404185.1	PRJNA224116	SAMN02603964			na		1232383	1718	Corynebacterium glutamicum SCgG2	strain=SCgG2		latest	Complete Genome	Major	Full	2013/06/03	ASM40418v1	Tianjin Institute of Industrial Biotechnology, Chinese Academy of Sciences	GCA_000404185.1	identical	ftp://ftp.ncbi.nlm.nih.gov/genomes/all/GCF/000/404/185/GCF_000404185.1_ASM40418v1	./data/refseq/bacteria/GCF_000404185.1/GCF_000404185.1_ASM40418v1_genomic.fna.gz
GCF_000404185.1	PRJNA224116	SAMN02603964			na		1232383	1718	Corynebacterium glutamicum SCgG2	strain=SCgG2		latest	Complete Genome	Major	Full	2013/06/03	ASM40418v1	Tianjin Institute of Industrial Biotechnology, Chinese Academy of Sciences	GCA_000404185.1	identical	ftp://ftp.ncbi.nlm.nih.gov/genomes/all/GCF/000/404/185/GCF_000404185.1_ASM40418v1	./data/refseq/bacteria/GCF_000404185.1/GCF_000404185.1_ASM40418v1_rna_from_genomic.fna.gz
GCF_000404185.1	PRJNA224116	SAMN02603964			na		1232383	1718	Corynebacterium glutamicum SCgG2	strain=SCgG2		latest	Complete Genome	Major	Full	2013/06/03	ASM40418v1	Tianjin Institute of Industrial Biotechnology, Chinese Academy of Sciences	GCA_000404185.1	identical	ftp://ftp.ncbi.nlm.nih.gov/genomes/all/GCF/000/404/185/GCF_000404185.1_ASM40418v1	./data/refseq/bacteria/GCF_000404185.1/GCF_000404185.1_ASM40418v1_assembly_report.txt
GCF_000404185.1	PRJNA224116	SAMN02603964			na		1232383	1718	Corynebacterium glutamicum SCgG2	strain=SCgG2		latest	Complete Genome	Major	Full	2013/06/03	ASM40418v1	Tianjin Institute of Industrial Biotechnology, Chinese Academy of Sciences	GCA_000404185.1	identical	ftp://ftp.ncbi.nlm.nih.gov/genomes/all/GCF/000/404/185/GCF_000404185.1_ASM40418v1	./data/refseq/bacteria/GCF_000404185.1/GCF_000404185.1_ASM40418v1_assembly_stats.txt
GCF_000404185.1	PRJNA224116	SAMN02603964			na		1232383	1718	Corynebacterium glutamicum SCgG2	strain=SCgG2		latest	Complete Genome	Major	Full	2013/06/03	ASM40418v1	Tianjin Institute of Industrial Biotechnology, Chinese Academy of Sciences	GCA_000404185.1	identical	ftp://ftp.ncbi.nlm.nih.gov/genomes/all/GCF/000/404/185/GCF_000404185.1_ASM40418v1	./data/refseq/bacteria/GCF_000404185.1/GCF_000404185.1_ASM40418v1_feature_table.txt.gz
GCF_001683115.1	PRJNA224116	SAMN05366915			na		1232384	1718	Corynebacterium glutamicum ZL-6	strain=ZL-6		latest	Complete Genome	Major	Full	2016/07/11	ASM168311v1	Tianjin Institute of Industrial Biotechnology, Chinese Academy of Sciences	GCA_001683115.1	identical	ftp://ftp.ncbi.nlm.nih.gov/genomes/all/GCF/001/683/115/GCF_001683115.1_ASM168311v1	./data/refseq/bacteria/GCF_001683115.1/GCF_001683115.1_ASM168311v1_genomic.fna.gz
GCF_001683115.1	PRJNA224116	SAMN05366915			na		1232384	1718	Corynebacterium glutamicum ZL-6	strain=ZL-6		latest	Complete Genome	Major	Full	2016/07/11	ASM168311v1	Tianjin Institute of Industrial Biotechnology, Chinese Academy of Sciences	GCA_001683115.1	identical	ftp://ftp.ncbi.nlm.nih.gov/genomes/all/GCF/001/683/115/GCF_001683115.1_ASM168311v1	./data/refseq/bacteria/GCF_001683115.1/GCF_001683115.1_ASM168311v1_rna_from_genomic.fna.gz
GCF_001683115.1	PRJNA224116	SAMN05366915			na		1232384	1718	Corynebacterium glutamicum ZL-6	strain=ZL-6		latest	Complete Genome	Major	Full	2016/07/11	ASM168311v1	Tianjin Institute of Industrial Biotechnology, Chinese Academy of Sciences	GCA_001683115.1	identical	ftp://ftp.ncbi.nlm.nih.gov/genomes/all/GCF/001/683/115/GCF_001683115.1_ASM168311v1	./data/refseq/bacteria/GCF_001683115.1/GCF_001683115.1_ASM168311v1_assembly_report.txt
GCF_001683115.1	PRJNA224116	SAMN05366915			na		1232384	1718	Corynebacterium glutamicum ZL-6	strain=ZL-6		latest	Complete Genome	Major	Full	2016/07/11	ASM168311v1	Tianjin Institute of Industrial Biotechnology, Chinese Academy of Sciences	GCA_001683115.1	identical	ftp://ftp.ncbi.nlm.nih.gov/genomes/all/GCF/001/683/115/GCF_001683115.1_ASM168311v1	./data/refseq/bacteria/GCF_001683115.1/GCF_001683115.1_ASM168311v1_assembly_stats.txt
GCF_001683115.1	PRJNA224116	SAMN05366915			na		1232384	1718	Corynebacterium glutamicum ZL-6	strain=ZL-6		latest	Complete Genome	Major	Full	2016/07/11	ASM168311v1	Tianjin Institute of Industrial Biotechnology, Chinese Academy of Sciences	GCA_001683115.1	identical	ftp://ftp.ncbi.nlm.nih.gov/genomes/all/GCF/001/683/115/GCF_001683115.1_ASM168311v1	./data/refseq/bacteria/GCF_001683115.1/GCF_001683115.1_ASM168311v1_feature_table.txt.gz
GCF_000445015.1	PRJNA224116	SAMN02603059			na		1310161	1718	Corynebacterium glutamicum MB001	strain=MB001		latest	Complete Genome	Major	Full	2013/08/08	ASM44501v1	CeBiTec, Bielefeld University	GCA_000445015.1	identical	ftp://ftp.ncbi.nlm.nih.gov/genomes/all/GCF/000/445/015/GCF_000445015.1_ASM44501v1	./data/refseq/bacteria/GCF_000445015.1/GCF_000445015.1_ASM44501v1_genomic.fna.gz
GCF_000445015.1	PRJNA224116	SAMN02603059			na		1310161	1718	Corynebacterium glutamicum MB001	strain=MB001		latest	Complete Genome	Major	Full	2013/08/08	ASM44501v1	CeBiTec, Bielefeld University	GCA_000445015.1	identical	ftp://ftp.ncbi.nlm.nih.gov/genomes/all/GCF/000/445/015/GCF_000445015.1_ASM44501v1	./data/refseq/bacteria/GCF_000445015.1/GCF_000445015.1_ASM44501v1_rna_from_genomic.fna.gz
GCF_000445015.1	PRJNA224116	SAMN02603059			na		1310161	1718	Corynebacterium glutamicum MB001	strain=MB001		latest	Complete Genome	Major	Full	2013/08/08	ASM44501v1	CeBiTec, Bielefeld University	GCA_000445015.1	identical	ftp://ftp.ncbi.nlm.nih.gov/genomes/all/GCF/000/445/015/GCF_000445015.1_ASM44501v1	./data/refseq/bacteria/GCF_000445015.1/GCF_000445015.1_ASM44501v1_assembly_report.txt
GCF_000445015.1	PRJNA224116	SAMN02603059			na		1310161	1718	Corynebacterium glutamicum MB001	strain=MB001		latest	Complete Genome	Major	Full	2013/08/08	ASM44501v1	CeBiTec, Bielefeld University	GCA_000445015.1	identical	ftp://ftp.ncbi.nlm.nih.gov/genomes/all/GCF/000/445/015/GCF_000445015.1_ASM44501v1	./data/refseq/bacteria/GCF_000445015.1/GCF_000445015.1_ASM44501v1_assembly_stats.txt
GCF_000445015.1	PRJNA224116	SAMN02603059			na		1310161	1718	Corynebacterium glutamicum MB001	strain=MB001		latest	Complete Genome	Major	Full	2013/08/08	ASM44501v1	CeBiTec, Bielefeld University	GCA_000445015.1	identical	ftp://ftp.ncbi.nlm.nih.gov/genomes/all/GCF/000/445/015/GCF_000445015.1_ASM44501v1	./data/refseq/bacteria/GCF_000445015.1/GCF_000445015.1_ASM44501v1_feature_table.txt.gz
